3,2
3,1
3,3
10,212
10,280
10,312
10,32
10,310
123,3
123,2
123,1
123,0
122,3
122,2
122,1
122,0
121,3
121,2
121,1
121,0
120,3
120,2
120,1
10,254
120,0
119,3
119,2
119,1
119,0
10,154
118,3
118,2
118,1
118,0
117,3
117,2
117,1
117,0
116,3
116,2
116,1
116,0
115,3
115,2
10,140
11,14
11,20
11,22
11,18
11,26
115,1
115,0
114,3
114,2
11,28
11,10
11,2
11,3
9,4
9,6
8,10
8,6
8,14
0,530
12,2
12,1
12,3
114,1
114,0
113,3
113,2
113,1
113,0
112,3
112,2
112,1
112,0
111,3
111,2
111,1
111,0
110,3
110,2
110,1
110,0
109,3
109,2
109,1
109,0
108,3
108,2
108,1
108,0
107,3
107,2
107,1
107,0
106,3
106,2
106,1
106,0
105,3
105,2
105,1
105,0
101,4
101,1
86,4
86,3
86,1
20,3
20,2
20,1
19,1
19,3
19,2
11,19
11,17
11,13
11,1
11,5
18,1
10,295
